-0.6335786452309012	0.004775431433551124	0.0	
-0.8124374746096511	0.08678301995813002	0.0	
-0.8077388944272496	0.0749324424685132	0.0	
-0.6335786452309012	0.004775431433551124	0.0	
-0.8110670168342389	0.08061019270434898	0.0	
-0.6335786452309012	0.004775431433551124	0.0	
-0.6335786452309012	0.004775431433551124	0.0	
-0.8090803167327136	0.07679254241613105	0.0	
-0.810630762196504	0.07914636227745393	0.0	
-0.6335786452309012	0.004775431433551124	0.0	
-0.6335786452309012	0.004775431433551124	0.0	
-0.810839002638289	0.07978905804427282	0.0	
-0.8107120366346405	0.07929544274982579	0.0	
-0.8112758613168738	0.08145353074273641	0.0	
-0.777469138655148	0.04371726188750302	0.0	
-0.8122222496038617	0.08576929047784591	0.0	
-0.8108091146859698	0.07971419041959146	0.0	
-0.7952310734714358	0.06570222985082406	0.0	
-0.8098880037764709	0.07784452598980196	0.0	
-0.8107894819601702	0.07950353830987464	0.0	
-0.8112028840804869	0.08137145362953228	0.0	
-0.8107894819601702	0.07950353830987464	0.0	
-0.7565140050423523	0.03387150186441844	0.0	
-0.8100926910483108	0.07830730593994616	0.0	
-0.8107515850399757	0.0794187114200903	0.0	
-0.8104273483362521	0.07887397205045617	0.0	
-0.7965300643150369	0.06705405483864094	0.0	
-0.8107894819601702	0.07950353830987464	0.0	
-0.8107662133444159	0.07945965684381098	0.0	
-0.8107443831447769	0.07937329655487914	0.0	
-0.7957365747106623	0.06603808037123224	0.0	
-0.8084740606772898	0.0762418723166145	0.0	
-0.8068486175540956	0.07220524747350594	0.0	
-0.7555159898838912	0.03252985223217596	0.0	
-0.7827695348511015	0.052697422206087974	0.0	
-0.8065172652702357	0.071474439317596	0.0	
-0.7957834663251225	0.06608153192824663	0.0	
-0.7933682472290966	0.06405335634021474	0.0	
-0.8068073178709345	0.07199628550753184	0.0	
-0.805786487244931	0.07064256245835882	0.0	
-0.7960219202274019	0.06621836134644515	0.0	
-0.7932576935765582	0.06377145253072913	0.0	
-0.8111840682042928	0.08133606532385945	0.0	
-0.811256498014776	0.08141165616578001	0.0	
-0.8083591259500592	0.07597010332398907	0.0	
-0.8099322906615873	0.07798583876136991	0.0	
-0.8091014386697404	0.07687009011197767	0.0	
-0.7854970424428505	0.05410602513602074	0.0	
-0.8071504620149128	0.07283828061705605	0.0	
-0.8107382305707854	0.07936264635519308	0.0	
-0.8107120366346405	0.07929544274982579	0.0	
-0.8056719931838187	0.07001141228554038	0.0	
-0.7858744464969493	0.05420470995407592	0.0	
-0.8111801691164261	0.08106066436931807	0.0	
-0.8065483941914561	0.07167573858051547	0.0	
-0.7945654620152822	0.06510178103260739	0.0	
-0.8124374746096511	0.08678301995813002	0.0	
-0.7674732585164517	0.03839798899396967	0.0	
-0.8110775969915293	0.08063271647380754	0.0	
-0.8087454919313866	0.07635406419746589	0.0	
-0.8101222986945334	0.07835980551053429	0.0	
-0.8078338944278799	0.0751756655660752	0.0	
-0.8068138361754775	0.07214420529010303	0.0	
-0.6636434016915054	0.006288746300326012	0.0	
-0.799221394010039	0.06971761229511471	0.0	
-0.8112379670654165	0.0813765691779096	0.0	
-0.8112758613168738	0.08145353074273641	0.0	
-0.7854531440986899	0.05353021153212054	0.0	
-0.810221372378055	0.07843914144370986	0.0	
-0.6354654081909279	0.005273953880181804	0.0	
-0.8111801729340651	0.08132959842573452	0.0	
-0.8052372933436934	0.06985838876178027	0.0	
-0.810369156665438	0.0787328618263209	0.0	
-0.8077137809916809	0.07489829865578758	0.0	
-0.811105506138857	0.08077291869560102	0.0	
-0.7955763988899104	0.06595657713727653	0.0	
-0.6553511444962342	0.006057028975345851	0.0	
-0.8092298818326076	0.07702194166931595	0.0	
-0.811274459945554	0.08144889521084175	0.0	
-0.8069184858471287	0.07229880554295864	0.0	
-0.7963215246379193	0.06668340261888295	0.0	
-0.7555159898838912	0.03252985223217596	0.0	
-0.7952310734714358	0.06570222985082406	0.0	
-0.8086685667412236	0.076326471966269	0.0	
-0.806548393095129	0.07167573718010994	0.0	
-0.7952310734714358	0.06570222985082406	0.0	
-0.777890441053407	0.04443095342540923	0.0	
-0.8082915641669839	0.07582887593490291	0.0	
-0.8110782490087898	0.08065405153833687	0.0	
-0.8082411916621195	0.07576485937480801	0.0	
-0.8107162069641108	0.07931716545332476	0.0	
-0.8101039232228564	0.07834686883126299	0.0	
